data 0 0 0 0.0 0.0 0.0 X 30,719998168945313 1490574111870 -19.75221015 -43.47775874 enddata
data 0 0 0 -0.073486328125 -0.033935546875 0.221435546875 X 30,719998168945313 1490574111871 -19.75221015 -43.47775874 enddata
data 0 0 0 -0.2431640625 0.086669921875 0.6689453125 X 30,719998168945313 1490574111873 -19.75221015 -43.47775874 enddata
data 0 0 0 -0.270751953125 0.011962890625 1.21801757812 X 30,719998168945313 1490574111875 -19.75221015 -43.47775874 enddata
data 0 0 0 -0.571533203125 -0.039306640625 1.59912109375 X 30,719998168945313 1490574111893 -19.75221015 -43.47775874 enddata
data 0 0 0 0.322509765625 -0.2646484375 0.126953125 X 30,719998168945313 1490574111894 -19.75221015 -43.47775874 enddata
data 0 0 0 -0.0048828125 0.0947265625 0.2333984375 X 30,719998168945313 1490574111894 -19.75221015 -43.47775874 enddata
data 0 0 0 -0.139404296875 0.150390625 0.140625 X 30,719998168945313 1490574111895 -19.75221015 -43.47775874 enddata
data 0 0 0 -0.130615234375 -0.00390625 0.85107421875 X 30,719998168945313 1490574111899 -19.75221015 -43.47775874 enddata
data 0 0 0 -0.044677734375 -0.025390625 1.99829101562 X 30,719998168945313 1490574111906 -19.75221015 -43.47775874 enddata
data 0 0 0 -0.233154296875 -0.1337890625 0.909912109375 X 30,719998168945313 1490574111916 -19.75221015 -43.47775874 enddata
data 0 0 0 -0.033935546875 0.12353515625 0.952392578125 X 30,719998168945313 1490574111918 -19.75221015 -43.47775874 enddata
data 0 0 0 0.00537109375 0.054931640625 0.777587890625 X 30,719998168945313 1490574111925 -19.75221015 -43.47775874 enddata
data 0 0 0 0.034423828125 0.043701171875 1.25805664062 X 30,719998168945313 1490574111931 -19.75221015 -43.47775874 enddata
data 0 0 0 -0.273681640625 0.058349609375 1.21752929688 X 30,567562866210938 1490574111938 -19.75220469 -43.47769249 enddata
data 0 0 0 -0.337646484375 0.111328125 1.52783203125 X 30,567562866210938 1490574111953 -19.75220469 -43.47769249 enddata
data 0 0 0 -0.33447265625 0.001953125 1.0185546875 X 30,567562866210938 1490574111953 -19.75220469 -43.47769249 enddata
data 0 0 0 -0.261962890625 0.11767578125 0.86669921875 X 30,567562866210938 1490574111957 -19.75220469 -43.47769249 enddata
data 0 0 0 -0.065673828125 -0.058837890625 0.6953125 X 30,567562866210938 1490574111964 -19.75220469 -43.47769249 enddata
data 0 0 0 0.034912109375 -0.080322265625 0.47509765625 X 30,567562866210938 1490574111970 -19.75220469 -43.47769249 enddata
data 0 0 0 -0.024658203125 0.00732421875 0.31396484375 X 30,567562866210938 1490574111977 -19.75220469 -43.47769249 enddata
data 0 0 0 0.07666015625 0.097412109375 0.470947265625 X 30,567562866210938 1490574111990 -19.75220469 -43.47769249 enddata
data 0 0 0 -0.188232421875 -0.1435546875 0.46240234375 X 30,567562866210938 1490574111992 -19.75220469 -43.47769249 enddata
data 0 0 0 -0.213134765625 0.015625 0.97705078125 X 30,567562866210938 1490574111996 -19.75220469 -43.47769249 enddata
data 0 0 0 -0.068115234375 0.102783203125 1.32104492188 X 30,567562866210938 1490574112003 -19.75220469 -43.47769249 enddata
data 0 0 0 -0.167236328125 0.08447265625 1.08471679688 X 30,567562866210938 1490574112009 -19.75220469 -43.47769249 enddata
data 0 0 0 -0.057373046875 -0.115966796875 1.09375 X 30,567562866210938 1490574112016 -19.75220469 -43.47769249 enddata
data 0 0 0 0.032958984375 -0.086181640625 1.169921875 X 30,567562866210938 1490574112022 -19.75220469 -43.47769249 enddata
data 0 0 0 0.19482421875 0.092529296875 0.9267578125 X 30,567562866210938 1490574112028 -19.75220469 -43.47769249 enddata
data 0 0 0 0.0498046875 0.163330078125 0.86474609375 X 30,567562866210938 1490574112035 -19.75220469 -43.47769249 enddata
data 0 0 0 -0.281982421875 0.03173828125 0.779541015625 X 30,567562866210938 1490574112042 -19.75220469 -43.47769249 enddata
data 0 0 0 -0.18310546875 -0.041259765625 1.09399414062 X 30,567562866210938 1490574112048 -19.75220469 -43.47769249 enddata
data 0 0 0 -0.073974609375 -0.01025390625 0.6171875 X 30,567562866210938 1490574112054 -19.75220469 -43.47769249 enddata
data 0 0 0 -0.22021484375 0.072509765625 0.567138671875 X 30,567562866210938 1490574112061 -19.75220469 -43.47769249 enddata
data 0 0 0 -0.093505859375 0.018798828125 0.57080078125 X 30,567562866210938 1490574112067 -19.75220469 -43.47769249 enddata
data 0 0 0 0.150390625 -0.032958984375 0.84326171875 X 30,567562866210938 1490574112074 -19.75220469 -43.47769249 enddata
data 0 0 0 0.171142578125 0.08349609375 0.568603515625 X 30,567562866210938 1490574112080 -19.75220469 -43.47769249 enddata
data 0 0 0 -0.274169921875 0.0283203125 0.872314453125 X 30,567562866210938 1490574112086 -19.75220469 -43.47769249 enddata
data 0 0 0 -0.25244140625 0.022705078125 1.48510742188 X 30,567562866210938 1490574112095 -19.75220469 -43.47769249 enddata
data 0 0 0 -0.460693359375 0.03466796875 1.8203125 X 30,567562866210938 1490574112100 -19.75220469 -43.47769249 enddata
data 0 0 0 -0.062255859375 -0.095703125 1.16235351562 X 30,567562866210938 1490574112106 -19.75220469 -43.47769249 enddata
data 0 0 0 -0.444580078125 0.035400390625 0.824462890625 X 30,567562866210938 1490574112112 -19.75220469 -43.47769249 enddata
data 0 0 0 -0.31298828125 0.086181640625 1.04711914062 X 30,567562866210938 1490574112119 -19.75220469 -43.47769249 enddata
data 0 0 0 -0.078125 0.047607421875 0.98583984375 X 30,567562866210938 1490574112125 -19.75220469 -43.47769249 enddata
data 0 0 0 -0.20361328125 -0.02978515625 0.7265625 X 30,567562866210938 1490574112132 -19.75220469 -43.47769249 enddata
data 0 0 0 0.02783203125 -0.126708984375 0.750732421875 X 30,567562866210938 1490574112138 -19.75220469 -43.47769249 enddata
data 0 0 0 0.194091796875 -0.04931640625 0.585205078125 X 30,567562866210938 1490574112145 -19.75220469 -43.47769249 enddata
data 0 0 0 0.219482421875 0.067138671875 0.238525390625 X 30,567562866210938 1490574112151 -19.75220469 -43.47769249 enddata
data 0 0 0 -0.257080078125 0.02197265625 0.464599609375 X 30,567562866210938 1490574112158 -19.75220469 -43.47769249 enddata
data 0 0 0 -0.149658203125 -0.172119140625 1.21459960938 X 30,567562866210938 1490574112166 -19.75220469 -43.47769249 enddata
data 0 0 0 -0.344970703125 0.099853515625 0.98486328125 X 30,567562866210938 1490574112171 -19.75220469 -43.47769249 enddata
data 0 0 0 -0.219970703125 0.130859375 0.38427734375 X 30,567562866210938 1490574112177 -19.75220469 -43.47769249 enddata
data 0 0 0 -0.0625 0.10546875 0.7421875 X 30,567562866210938 1490574112184 -19.75220469 -43.47769249 enddata
data 0 0 0 -0.13720703125 -0.12353515625 1.16235351562 X 30,567562866210938 1490574112190 -19.75220469 -43.47769249 enddata
data 0 0 0 0.060302734375 -0.0205078125 1.58203125 X 30,567562866210938 1490574112197 -19.75220469 -43.47769249 enddata
data 0 0 0 -0.288330078125 -0.0029296875 0.959716796875 X 30,567562866210938 1490574112203 -19.75220469 -43.47769249 enddata
data 0 0 0 -0.260986328125 0.046630859375 0.9873046875 X 30,567562866210938 1490574112210 -19.75220469 -43.47769249 enddata
data 0 0 0 -0.1025390625 0.02099609375 1.30224609375 X 30,567562866210938 1490574112217 -19.75220469 -43.47769249 enddata
data 0 0 0 0.154052734375 0.072998046875 0.634765625 X 30,567562866210938 1490574112222 -19.75220469 -43.47769249 enddata
data 0 0 0 -0.044677734375 0.10888671875 0.646728515625 X 30,567562866210938 1490574112230 -19.75220469 -43.47769249 enddata
data 0 0 0 -0.144287109375 0.1298828125 0.78955078125 X 30,567562866210938 1490574112236 -19.75220469 -43.47769249 enddata
data 0 0 0 -0.080078125 0.07568359375 1.009765625 X 30,567562866210938 1490574112242 -19.75220469 -43.47769249 enddata
data 0 0 0 0.142333984375 0.022705078125 0.931884765625 X 30,567562866210938 1490574112248 -19.75220469 -43.47769249 enddata
data 0 0 0 -0.269287109375 -0.057373046875 0.709228515625 X 30,567562866210938 1490574112257 -19.75220469 -43.47769249 enddata
data 0 0 0 -0.21142578125 0.137939453125 0.972412109375 X 30,567562866210938 1490574112261 -19.75220469 -43.47769249 enddata
data 0 0 0 0.128662109375 0.050048828125 1.99682617188 X 30,567562866210938 1490574112268 -19.75220469 -43.47769249 enddata
data 0 0 0 -0.005126953125 -0.008544921875 0.8828125 X 30,567562866210938 1490574112275 -19.75220469 -43.47769249 enddata
data 0 0 0 -0.1689453125 -0.0107421875 0.97314453125 X 30,567562866210938 1490574112282 -19.75220469 -43.47769249 enddata
data 0 0 0 -0.05615234375 0.1484375 1.517578125 X 30,567562866210938 1490574112287 -19.75220469 -43.47769249 enddata
data 0 0 0 0.1904296875 -0.158935546875 1.10375976562 X 30,567562866210938 1490574112294 -19.75220469 -43.47769249 enddata
data 0 0 0 0.219970703125 -0.087646484375 0.712890625 X 30,567562866210938 1490574112300 -19.75220469 -43.47769249 enddata
data 0 0 0 -0.03759765625 0.1044921875 0.748779296875 X 30,567562866210938 1490574112307 -19.75220469 -43.47769249 enddata
data 0 0 0 -0.1728515625 0.08935546875 0.760986328125 X 30,567562866210938 1490574112313 -19.75220469 -43.47769249 enddata
data 0 0 0 -0.5546875 -0.0126953125 1.19482421875 X 30,567562866210938 1490574112321 -19.75220469 -43.47769249 enddata
data 0 0 0 -0.148193359375 0.013671875 0.84619140625 X 30,567562866210938 1490574112326 -19.75220469 -43.47769249 enddata
data 0 0 0 0.003662109375 0.142333984375 0.83251953125 X 30,567562866210938 1490574112333 -19.75220469 -43.47769249 enddata
data 0 0 0 0.008544921875 0.002197265625 0.611083984375 X 30,567562866210938 1490574112340 -19.75220469 -43.47769249 enddata
data 0 0 0 0.01513671875 -0.01806640625 0.539794921875 X 30,567562866210938 1490574112345 -19.75220469 -43.47769249 enddata
data 0 0 0 -0.1513671875 0.002685546875 1.08959960938 X 30,567562866210938 1490574112352 -19.75220469 -43.47769249 enddata
data 0 0 0 -0.035400390625 -0.0771484375 1.453125 X 30,567562866210938 1490574112358 -19.75220469 -43.47769249 enddata
data 0 0 0 0.08056640625 -0.008544921875 0.624267578125 X 30,567562866210938 1490574112365 -19.75220469 -43.47769249 enddata
data 0 0 0 -0.232177734375 0.137939453125 0.807861328125 X 30,567562866210938 1490574112371 -19.75220469 -43.47769249 enddata
data 0 0 0 -0.259765625 0.10693359375 0.980224609375 X 30,567562866210938 1490574112378 -19.75220469 -43.47769249 enddata
data 0 0 0 0.057861328125 -0.017578125 1.59619140625 X 30,567562866210938 1490574112384 -19.75220469 -43.47769249 enddata
data 0 0 0 -0.079833984375 -0.092041015625 1.00903320312 X 30,567562866210938 1490574112391 -19.75220469 -43.47769249 enddata
data 0 0 0 0.20703125 0.12744140625 0.57666015625 X 30,567562866210938 1490574112397 -19.75220469 -43.47769249 enddata
data 0 0 0 -0.228515625 0.092041015625 0.0439453125 X 30,567562866210938 1490574112404 -19.75220469 -43.47769249 enddata
data 0 0 0 -0.18017578125 -0.125732421875 1.11669921875 X 30,567562866210938 1490574112410 -19.75220469 -43.47769249 enddata
data 0 0 0 -0.244873046875 -0.1220703125 0.893310546875 X 30,567562866210938 1490574112417 -19.75220469 -43.47769249 enddata
data 0 0 0 -0.40380859375 -0.036376953125 0.66552734375 X 30,567562866210938 1490574112423 -19.75220469 -43.47769249 enddata
data 0 0 0 -0.26708984375 0.005126953125 0.4150390625 X 30,567562866210938 1490574112430 -19.75220469 -43.47769249 enddata
data 0 0 0 -0.01416015625 -0.17822265625 1.1962890625 X 30,567562866210938 1490574112436 -19.75220469 -43.47769249 enddata
data 0 0 0 0.130126953125 -0.156494140625 1.02368164062 X 30,567562866210938 1490574112443 -19.75220469 -43.47769249 enddata
data 0 0 0 0.047607421875 0.049560546875 0.819091796875 X 30,567562866210938 1490574112449 -19.75220469 -43.47769249 enddata
data 0 0 0 -0.180419921875 0.02783203125 0.8037109375 X 30,567562866210938 1490574112456 -19.75220469 -43.47769249 enddata
data 0 0 0 -0.230712890625 -0.04443359375 1.13305664062 X 30,567562866210938 1490574112462 -19.75220469 -43.47769249 enddata
data 0 0 0 0.201904296875 0.01318359375 0.96923828125 X 30,567562866210938 1490574112468 -19.75220469 -43.47769249 enddata
data 0 0 0 -0.01171875 0.101806640625 0.5107421875 X 30,567562866210938 1490574112475 -19.75220469 -43.47769249 enddata
data 0 0 0 -0.0537109375 0.1669921875 0.767578125 X 30,567562866210938 1490574112481 -19.75220469 -43.47769249 enddata
data 0 0 0 -0.19287109375 0.0 0.795654296875 X 30,567562866210938 1490574112488 -19.75220469 -43.47769249 enddata
data 0 0 0 0.20361328125 0.031494140625 0.74365234375 X 30,567562866210938 1490574112495 -19.75220469 -43.47769249 enddata
data 0 0 0 -0.223388671875 0.012451171875 0.5654296875 X 30,567562866210938 1490574112501 -19.75220469 -43.47769249 enddata
data 0 0 0 -0.247314453125 0.14501953125 0.897216796875 X 30,567562866210938 1490574112507 -19.75220469 -43.47769249 enddata
data 0 0 0 -0.14208984375 0.0234375 0.84033203125 X 30,567562866210938 1490574112514 -19.75220469 -43.47769249 enddata
data 0 0 0 0.30078125 -0.001220703125 0.99267578125 X 30,567562866210938 1490574112520 -19.75220469 -43.47769249 enddata
data 0 0 0 -0.06689453125 0.01904296875 0.70654296875 X 30,567562866210938 1490574112527 -19.75220469 -43.47769249 enddata
data 0 0 0 -0.1689453125 0.058837890625 0.827392578125 X 30,567562866210938 1490574112533 -19.75220469 -43.47769249 enddata
data 0 0 0 0.034423828125 -0.131103515625 1.09936523438 X 30,567562866210938 1490574112540 -19.75220469 -43.47769249 enddata
data 0 0 0 -0.070068359375 -0.13330078125 1.31640625 X 30,567562866210938 1490574112546 -19.75220469 -43.47769249 enddata
data 0 0 0 -0.2236328125 -0.027587890625 0.823486328125 X 30,567562866210938 1490574112552 -19.75220469 -43.47769249 enddata
data 0 0 0 0.00341796875 0.21728515625 0.866455078125 X 30,567562866210938 1490574112559 -19.75220469 -43.47769249 enddata
data 0 0 0 -0.151611328125 -0.012451171875 0.872802734375 X 30,567562866210938 1490574112566 -19.75220469 -43.47769249 enddata
data 0 0 0 -0.223388671875 -0.058837890625 0.958984375 X 30,567562866210938 1490574112573 -19.75220469 -43.47769249 enddata
data 0 0 0 -0.181640625 0.14892578125 0.767578125 X 30,567562866210938 1490574112578 -19.75220469 -43.47769249 enddata
data 0 0 0 -0.312744140625 0.027099609375 0.764404296875 X 30,567562866210938 1490574112585 -19.75220469 -43.47769249 enddata
data 0 0 0 0.23046875 -0.04638671875 0.776611328125 X 30,567562866210938 1490574112591 -19.75220469 -43.47769249 enddata
data 0 0 0 0.021240234375 -0.0166015625 0.56689453125 X 30,567562866210938 1490574112598 -19.75220469 -43.47769249 enddata
data 0 0 0 0.00390625 0.1416015625 0.902099609375 X 30,567562866210938 1490574112607 -19.75220469 -43.47769249 enddata
data 0 0 0 -0.102783203125 0.02001953125 1.02978515625 X 30,567562866210938 1490574112612 -19.75220469 -43.47769249 enddata
data 0 0 0 -0.012939453125 0.047119140625 0.97412109375 X 30,567562866210938 1490574112617 -19.75220469 -43.47769249 enddata
data 0 0 0 -0.286865234375 0.153076171875 0.801513671875 X 30,567562866210938 1490574112624 -19.75220469 -43.47769249 enddata
data 0 0 0 -0.265869140625 0.279296875 0.986572265625 X 30,567562866210938 1490574112631 -19.75220469 -43.47769249 enddata
data 0 0 0 -0.009033203125 -0.0888671875 1.45556640625 X 30,567562866210938 1490574112636 -19.75220469 -43.47769249 enddata
data 0 0 0 0.193359375 -0.123291015625 1.02978515625 X 30,567562866210938 1490574112645 -19.75220469 -43.47769249 enddata
data 0 0 0 -0.015625 0.052978515625 0.706298828125 X 30,567562866210938 1490574112650 -19.75220469 -43.47769249 enddata
data 0 0 0 0.146728515625 0.210693359375 0.5947265625 X 30,567562866210938 1490574112656 -19.75220469 -43.47769249 enddata
data 0 0 0 -0.041748046875 -0.124267578125 0.79443359375 X 30,567562866210938 1490574112662 -19.75220469 -43.47769249 enddata
data 0 0 0 -0.248779296875 -0.05224609375 1.01611328125 X 30,567562866210938 1490574112669 -19.75220469 -43.47769249 enddata
data 0 0 0 -0.359375 0.04150390625 0.766845703125 X 30,567562866210938 1490574112675 -19.75220469 -43.47769249 enddata
data 0 0 0 0.1953125 0.144287109375 0.936767578125 X 30,567562866210938 1490574112682 -19.75220469 -43.47769249 enddata
data 0 0 0 0.259765625 -0.005859375 0.313720703125 X 30,567562866210938 1490574112688 -19.75220469 -43.47769249 enddata
data 0 0 0 0.06298828125 0.0078125 0.818115234375 X 30,567562866210938 1490574112695 -19.75220469 -43.47769249 enddata
data 0 0 0 -0.212646484375 0.118896484375 0.9267578125 X 30,567562866210938 1490574112701 -19.75220469 -43.47769249 enddata
data 0 0 0 -0.16015625 0.012451171875 1.23095703125 X 30,567562866210938 1490574112710 -19.75220469 -43.47769249 enddata
data 0 0 0 -0.09716796875 -0.063720703125 0.890625 X 30,567562866210938 1490574112715 -19.75220469 -43.47769249 enddata
data 0 0 0 -0.225341796875 0.031494140625 0.7177734375 X 30,567562866210938 1490574112721 -19.75220469 -43.47769249 enddata
data 0 0 0 -0.117431640625 0.08203125 0.672119140625 X 30,567562866210938 1490574112727 -19.75220469 -43.47769249 enddata
data 0 0 0 0.024169921875 -0.07666015625 1.06225585938 X 30,567562866210938 1490574112734 -19.75220469 -43.47769249 enddata
data 0 0 0 -0.356201171875 -0.046875 1.30981445312 X 30,567562866210938 1490574112742 -19.75220469 -43.47769249 enddata
data 0 0 0 0.048828125 -0.081787109375 0.7275390625 X 30,567562866210938 1490574112747 -19.75220469 -43.47769249 enddata
data 0 0 0 -0.07421875 0.02783203125 0.53173828125 X 30,567562866210938 1490574112753 -19.75220469 -43.47769249 enddata
data 0 0 0 -0.03515625 0.060546875 0.5966796875 X 30,567562866210938 1490574112759 -19.75220469 -43.47769249 enddata
data 0 0 0 -0.11376953125 -0.00927734375 1.05493164062 X 30,567562866210938 1490574112766 -19.75220469 -43.47769249 enddata
data 0 0 0 -0.33251953125 -0.08642578125 1.38647460938 X 30,567562866210938 1490574112772 -19.75220469 -43.47769249 enddata
data 0 0 0 0.138916015625 -0.011474609375 0.383544921875 X 30,567562866210938 1490574112781 -19.75220469 -43.47769249 enddata
data 0 0 0 -0.209228515625 0.02685546875 0.75341796875 X 30,567562866210938 1490574112786 -19.75220469 -43.47769249 enddata
data 0 0 0 -0.034423828125 -0.08642578125 1.08154296875 X 30,567562866210938 1490574112792 -19.75220469 -43.47769249 enddata
data 0 0 0 0.3193359375 0.028564453125 1.04858398438 X 30,567562866210938 1490574112798 -19.75220469 -43.47769249 enddata
data 0 0 0 -0.0751953125 0.054443359375 0.669677734375 X 30,567562866210938 1490574112805 -19.75220469 -43.47769249 enddata
data 0 0 0 -0.188720703125 0.11669921875 0.788330078125 X 30,567562866210938 1490574112811 -19.75220469 -43.47769249 enddata
data 0 0 0 -0.2861328125 0.02490234375 1.39038085938 X 30,567562866210938 1490574112820 -19.75220469 -43.47769249 enddata
data 0 0 0 -0.122802734375 0.068115234375 1.28955078125 X 30,567562866210938 1490574112825 -19.75220469 -43.47769249 enddata
data 0 0 0 -0.39111328125 0.106201171875 0.523681640625 X 30,567562866210938 1490574112831 -19.75220469 -43.47769249 enddata
data 0 0 0 -0.252685546875 0.0859375 0.924072265625 X 30,567562866210938 1490574112837 -19.75220469 -43.47769249 enddata
data 0 0 0 -0.05322265625 -0.1884765625 1.22143554688 X 30,567562866210938 1490574112844 -19.75220469 -43.47769249 enddata
data 0 0 0 0.237548828125 -0.001953125 0.9248046875 X 30,567562866210938 1490574112850 -19.75220469 -43.47769249 enddata
data 0 0 0 0.15185546875 -0.1806640625 0.401611328125 X 30,567562866210938 1490574112856 -19.75220469 -43.47769249 enddata
data 0 0 0 -0.161376953125 -0.005615234375 0.67626953125 X 30,567562866210938 1490574112865 -19.75220469 -43.47769249 enddata
data 0 0 0 -0.29443359375 -0.05712890625 1.17431640625 X 30,567562866210938 1490574112870 -19.75220469 -43.47769249 enddata
data 0 0 0 0.250244140625 -0.01904296875 0.43994140625 X 30,567562866210938 1490574112876 -19.75220469 -43.47769249 enddata
data 0 0 0 -0.067626953125 -0.073486328125 0.257568359375 X 30,567562866210938 1490574112882 -19.75220469 -43.47769249 enddata
data 0 0 0 0.145263671875 -0.019775390625 0.701416015625 X 30,567562866210938 1490574112889 -19.75220469 -43.47769249 enddata
data 0 0 0 -0.102783203125 -0.05810546875 0.542236328125 X 30,567562866210938 1490574112896 -19.75220469 -43.47769249 enddata
data 0 0 0 0.095458984375 0.116943359375 1.21606445312 X 30,567562866210938 1490574112903 -19.75220469 -43.47769249 enddata
data 0 0 0 0.09228515625 -0.107666015625 0.89111328125 X 30,567562866210938 1490574112908 -19.75220469 -43.47769249 enddata
data 0 0 0 -0.175537109375 -0.11474609375 0.797119140625 X 30,567562866210938 1490574112915 -19.75220469 -43.47769249 enddata
data 0 0 0 -0.179931640625 -0.041259765625 0.73974609375 X 30,567562866210938 1490574112921 -19.75220469 -43.47769249 enddata
data 0 0 0 -0.152587890625 0.1142578125 1.03442382812 X 30,567562866210938 1490574112928 -19.75220469 -43.47769249 enddata
data 0 0 0 0.142333984375 0.142578125 0.64794921875 X 30,567562866210938 1490574112934 -19.75220469 -43.47769249 enddata
data 0 0 0 -0.050048828125 0.015869140625 0.648681640625 X 30,567562866210938 1490574112940 -19.75220469 -43.47769249 enddata
data 0 0 0 -0.089599609375 0.117919921875 0.671630859375 X 30,567562866210938 1490574112947 -19.75220469 -43.47769249 enddata
data 0 0 0 -0.168701171875 0.12939453125 0.749755859375 X 30,567562866210938 1490574112953 -19.75220469 -43.47769249 enddata
data 0 0 0 -0.141357421875 0.098876953125 0.990234375 X 30,567562866210938 1490574112960 -19.75220469 -43.47769249 enddata
data 0 0 0 -0.21337890625 -0.096435546875 1.02319335938 X 30,567562866210938 1490574112966 -19.75220469 -43.47769249 enddata
data 0 0 0 -0.048828125 -0.047607421875 0.71875 X 30,567562866210938 1490574112973 -19.75220469 -43.47769249 enddata
data 0 0 0 -0.150634765625 0.035888671875 0.715576171875 X 30,567562866210938 1490574112979 -19.75220469 -43.47769249 enddata
data 0 0 0 0.01318359375 0.216796875 1.1494140625 X 30,567562866210938 1490574112986 -19.75220469 -43.47769249 enddata
data 0 0 0 -0.679443359375 0.19775390625 1.53466796875 X 30,567562866210938 1490574112994 -19.75220469 -43.47769249 enddata
data 0 0 0 -0.08056640625 -0.0498046875 0.717529296875 X 30,567562866210938 1490574112999 -19.75220469 -43.47769249 enddata
data 0 0 0 -0.09521484375 0.087890625 0.90576171875 X 30,567562866210938 1490574113005 -19.75220469 -43.47769249 enddata
data 0 0 0 -0.178955078125 0.15087890625 1.23828125 X 30,567562866210938 1490574113012 -19.75220469 -43.47769249 enddata
data 0 0 0 0.135498046875 0.140625 0.93994140625 X 30,567562866210938 1490574113018 -19.75220469 -43.47769249 enddata
data 0 0 0 -0.27099609375 -0.17236328125 0.6728515625 X 30,567562866210938 1490574113025 -19.75220469 -43.47769249 enddata
data 0 0 0 -0.04345703125 0.006591796875 1.06518554688 X 30,567562866210938 1490574113033 -19.75220469 -43.47769249 enddata
data 0 0 0 0.014404296875 0.043212890625 0.5087890625 X 30,567562866210938 1490574113039 -19.75220469 -43.47769249 enddata
data 0 0 0 0.02001953125 0.1923828125 0.46826171875 X 30,567562866210938 1490574113047 -19.75220469 -43.47769249 enddata
data 0 0 0 -0.045166015625 0.061767578125 0.516357421875 X 30,567562866210938 1490574113056 -19.75220469 -43.47769249 enddata
data 0 0 0 -0.21044921875 0.058349609375 0.96533203125 X 30,567562866210938 1490574113057 -19.75220469 -43.47769249 enddata
data 0 0 0 0.26123046875 0.0546875 0.780029296875 X 30,567562866210938 1490574113065 -19.75220469 -43.47769249 enddata
data 0 0 0 0.123779296875 0.107666015625 0.46826171875 X 31,3359619140625 1490574113070 -19.75219781 -43.47761198 enddata
data 0 0 0 0.041015625 -0.000244140625 0.852294921875 X 31,3359619140625 1490574113076 -19.75219781 -43.47761198 enddata
data 0 0 0 -0.038330078125 -0.030517578125 0.762939453125 X 31,3359619140625 1490574113083 -19.75219781 -43.47761198 enddata
data 0 0 0 -0.061767578125 0.025146484375 1.24877929688 X 31,3359619140625 1490574113089 -19.75219781 -43.47761198 enddata
data 0 0 0 -0.048828125 0.025146484375 1.31372070312 X 31,3359619140625 1490574113096 -19.75219781 -43.47761198 enddata
data 0 0 0 -0.1142578125 -0.1015625 0.8115234375 X 31,3359619140625 1490574113102 -19.75219781 -43.47761198 enddata
data 0 0 0 -0.0185546875 0.0166015625 0.65283203125 X 31,3359619140625 1490574113111 -19.75219781 -43.47761198 enddata
data 0 0 0 0.001953125 0.111083984375 0.32568359375 X 31,3359619140625 1490574113119 -19.75219781 -43.47761198 enddata
data 0 0 0 0.018798828125 0.036865234375 1.01416015625 X 31,3359619140625 1490574113122 -19.75219781 -43.47761198 enddata
data 0 0 0 -0.006103515625 -0.102294921875 0.69287109375 X 31,3359619140625 1490574113128 -19.75219781 -43.47761198 enddata
data 0 0 0 0.009033203125 0.069091796875 0.978271484375 X 31,3359619140625 1490574113135 -19.75219781 -43.47761198 enddata
data 0 0 0 -0.19921875 0.043212890625